[gd_scene format=3 uid="uid://bffs0yqr2jdrx"]

[ext_resource type="PackedScene" uid="uid://ckudr8chj1kgo" path="res://player.tscn" id="1_u52ul"]
[ext_resource type="Script" uid="uid://iee2u0lw37i4" path="res://level.gd" id="1_vonw3"]
[ext_resource type="PackedScene" uid="uid://bop3dp2337m7x" path="res://sec_cam.tscn" id="3_oi3di"]

[sub_resource type="ProceduralSkyMaterial" id="ProceduralSkyMaterial_u52ul"]
sky_horizon_color = Color(0.66224277, 0.6717428, 0.6867428, 1)
ground_horizon_color = Color(0.66224277, 0.6717428, 0.6867428, 1)

[sub_resource type="Sky" id="Sky_vonw3"]
sky_material = SubResource("ProceduralSkyMaterial_u52ul")

[sub_resource type="Environment" id="Environment_oi3di"]
background_mode = 2
sky = SubResource("Sky_vonw3")
tonemap_mode = 2
glow_enabled = true

[node name="Node3D" type="Node3D" unique_id=828185774]
script = ExtResource("1_vonw3")

[node name="WorldEnvironment" type="WorldEnvironment" parent="." unique_id=614403915]
environment = SubResource("Environment_oi3di")

[node name="DirectionalLight3D" type="DirectionalLight3D" parent="." unique_id=1204210195]
transform = Transform3D(-0.8660254, -0.43301278, 0.25, 0, 0.49999997, 0.86602545, -0.50000006, 0.75, -0.43301266, 0, 0, 0)
shadow_enabled = true

[node name="CSGBox3D" type="CSGBox3D" parent="." unique_id=1049071678]
use_collision = true
size = Vector3(500, 1, 500)

[node name="Player" parent="." unique_id=277564241 instance=ExtResource("1_u52ul")]
transform = Transform3D(1, 0, 0, 0, 1, 0, 0, 0, 1, 0, 2.1329927, 0)

[node name="CSGBox3D3" type="CSGBox3D" parent="." unique_id=1299295948]
transform = Transform3D(1, 0, 0, 0, 1, 0, 0, 0, 1, -8.541185, 4.7992086, -18.89188)
size = Vector3(1, 9.261658, 1)

[node name="CSGBox3D2" type="CSGBox3D" parent="." unique_id=1350853865]
transform = Transform3D(1, 0, 0, 0, 1, 0, 0, 0, 1, 0, 4.547564, 16.53938)
size = Vector3(1, 9.261658, 1)

[node name="Camera3D" type="Camera3D" parent="." unique_id=565244860]
transform = Transform3D(0.1716014, 0.30142975, -0.9379195, 0.0028882562, 0.95188355, 0.306446, 0.9851621, -0.05529552, 0.16247396, -19.38591, 11.244355, 0)

[node name="sec_cam" parent="." unique_id=782250356 instance=ExtResource("3_oi3di")]
transform = Transform3D(1, 0, 0, 0, 0.9772718, -0.21199004, 0, 0.21199004, 0.9772718, -8.540968, 8.12883, -17.526684)
